# M = 1.200e+00 M_sun, X = 7.20e-01, Y = 2.70e-01, Z = 1.00e-02
# Output model: R = 1.27843277e+00 R_sun, L = 2.4097e+00 L_sun, Teff = 6.3580e+03 K, Pc = 2.1041e+17 dyn cm^-2, Tc = 1.6361e+07 K
m r rho T P l eps kappa nabla_ad nabla_rad nabla_dlnT_dlnP shell_type
2.3868e+23 8.4482e+06 9.4500e+01 1.6361e+07 2.1041e+17 1.0159e+25 4.2562e+01 9.1072e-01 3.9898e-01 4.4896e-01 3.9898e-01 convective
3.8342e+30 2.1386e+09 9.2972e+01 1.6185e+07 2.0478e+17 1.5509e+32 3.9098e+01 9.2130e-01 3.9899e-01 4.3867e-01 3.9899e-01 convective
7.6684e+30 2.6997e+09 9.2077e+01 1.6081e+07 2.0150e+17 3.0126e+32 3.7235e+01 9.2767e-01 3.9900e-01 4.3313e-01 3.9900e-01 convective
1.1503e+31 3.0954e+09 9.1326e+01 1.5994e+07 1.9877e+17 4.4111e+32 3.5761e+01 9.3311e-01 3.9901e-01 4.2875e-01 3.9901e-01 convective
1.5337e+31 3.4119e+09 9.0657e+01 1.5916e+07 1.9636e+17 5.7577e+32 3.4508e+01 9.3803e-01 3.9902e-01 4.2503e-01 3.9902e-01 convective
1.9171e+31 3.6804e+09 9.0042e+01 1.5844e+07 1.9414e+17 7.0592e+32 3.3406e+01 9.4262e-01 3.9902e-01 4.2177e-01 3.9902e-01 convective
2.3005e+31 3.9160e+09 8.9468e+01 1.5777e+07 1.9209e+17 8.3208e+32 3.2415e+01 9.4686e-01 3.9903e-01 4.1880e-01 3.9903e-01 convective
2.6840e+31 4.1274e+09 8.8926e+01 1.5713e+07 1.9015e+17 9.5461e+32 3.1511e+01 9.5093e-01 3.9903e-01 4.1610e-01 3.9903e-01 convective
3.0674e+31 4.3203e+09 8.8409e+01 1.5652e+07 1.8831e+17 1.0738e+33 3.0678e+01 9.5485e-01 3.9904e-01 4.1363e-01 3.9904e-01 convective
3.4508e+31 4.4983e+09 8.7914e+01 1.5594e+07 1.8656e+17 1.1899e+33 2.9905e+01 9.5865e-01 3.9905e-01 4.1134e-01 3.9905e-01 convective
3.8342e+31 4.6641e+09 8.7437e+01 1.5538e+07 1.8488e+17 1.3032e+33 2.9182e+01 9.6235e-01 3.9905e-01 4.0922e-01 3.9905e-01 convective
4.2176e+31 4.8197e+09 8.6976e+01 1.5483e+07 1.8326e+17 1.4138e+33 2.8502e+01 9.6597e-01 3.9906e-01 4.0723e-01 3.9906e-01 convective
4.6011e+31 4.9665e+09 8.6530e+01 1.5430e+07 1.8169e+17 1.5218e+33 2.7860e+01 9.6952e-01 3.9906e-01 4.0536e-01 3.9906e-01 convective
4.9845e+31 5.1059e+09 8.6095e+01 1.5379e+07 1.8018e+17 1.6275e+33 2.7252e+01 9.7301e-01 3.9907e-01 4.0361e-01 3.9907e-01 convective
5.3679e+31 5.2387e+09 8.5672e+01 1.5329e+07 1.7871e+17 1.7308e+33 2.6674e+01 9.7644e-01 3.9907e-01 4.0195e-01 3.9907e-01 convective
5.7513e+31 5.3657e+09 8.5260e+01 1.5280e+07 1.7728e+17 1.8320e+33 2.6124e+01 9.7983e-01 3.9907e-01 4.0038e-01 3.9906e-01 convective
6.1347e+31 5.4875e+09 8.4856e+01 1.5231e+07 1.7588e+17 1.9312e+33 2.5597e+01 9.8317e-01 3.9908e-01 3.9890e-01 3.9861e-01 radiative
6.5182e+31 5.6047e+09 8.4461e+01 1.5184e+07 1.7452e+17 2.0284e+33 2.5094e+01 9.8646e-01 3.9908e-01 3.9747e-01 3.9747e-01 radiative
6.9016e+31 5.7176e+09 8.4072e+01 1.5138e+07 1.7319e+17 2.1236e+33 2.4612e+01 9.8969e-01 3.9909e-01 3.9609e-01 3.9609e-01 radiative
7.2850e+31 5.8268e+09 8.3690e+01 1.5093e+07 1.7189e+17 2.2171e+33 2.4150e+01 9.9288e-01 3.9909e-01 3.9474e-01 3.9475e-01 radiative
7.6684e+31 5.9325e+09 8.3314e+01 1.5049e+07 1.7062e+17 2.3089e+33 2.3706e+01 9.9601e-01 3.9909e-01 3.9344e-01 3.9344e-01 radiative
8.0519e+31 6.0350e+09 8.2944e+01 1.5006e+07 1.6937e+17 2.3989e+33 2.3278e+01 9.9911e-01 3.9910e-01 3.9217e-01 3.9218e-01 radiative
8.4353e+31 6.1346e+09 8.2579e+01 1.4963e+07 1.6814e+17 2.4874e+33 2.2866e+01 1.0022e+00 3.9910e-01 3.9094e-01 3.9094e-01 radiative
8.8187e+31 6.2314e+09 8.2219e+01 1.4921e+07 1.6694e+17 2.5743e+33 2.2468e+01 1.0052e+00 3.9911e-01 3.8974e-01 3.8974e-01 radiative
9.2021e+31 6.3258e+09 8.1864e+01 1.4880e+07 1.6576e+17 2.6597e+33 2.2083e+01 1.0082e+00 3.9911e-01 3.8857e-01 3.8857e-01 radiative
9.5855e+31 6.4178e+09 8.1513e+01 1.4840e+07 1.6460e+17 2.7437e+33 2.1712e+01 1.0111e+00 3.9911e-01 3.8742e-01 3.8743e-01 radiative
9.9690e+31 6.5076e+09 8.1166e+01 1.4800e+07 1.6346e+17 2.8262e+33 2.1351e+01 1.0140e+00 3.9912e-01 3.8631e-01 3.8631e-01 radiative
1.0352e+32 6.5954e+09 8.0823e+01 1.4761e+07 1.6234e+17 2.9074e+33 2.1002e+01 1.0169e+00 3.9912e-01 3.8522e-01 3.8522e-01 radiative
1.0736e+32 6.6812e+09 8.0485e+01 1.4722e+07 1.6123e+17 2.9873e+33 2.0663e+01 1.0198e+00 3.9912e-01 3.8415e-01 3.8415e-01 radiative
1.1119e+32 6.7653e+09 8.0149e+01 1.4684e+07 1.6014e+17 3.0659e+33 2.0335e+01 1.0226e+00 3.9913e-01 3.8310e-01 3.8311e-01 radiative
1.1503e+32 6.8476e+09 7.9818e+01 1.4646e+07 1.5907e+17 3.1432e+33 2.0015e+01 1.0254e+00 3.9913e-01 3.8208e-01 3.8208e-01 radiative
1.1886e+32 6.9283e+09 7.9489e+01 1.4609e+07 1.5801e+17 3.2194e+33 1.9704e+01 1.0282e+00 3.9913e-01 3.8108e-01 3.8108e-01 radiative
1.2269e+32 7.0076e+09 7.9164e+01 1.4572e+07 1.5697e+17 3.2943e+33 1.9401e+01 1.0310e+00 3.9913e-01 3.8010e-01 3.8010e-01 radiative
1.2653e+32 7.0853e+09 7.8842e+01 1.4536e+07 1.5594e+17 3.3681e+33 1.9107e+01 1.0337e+00 3.9914e-01 3.7913e-01 3.7913e-01 radiative
1.3036e+32 7.1618e+09 7.8523e+01 1.4500e+07 1.5493e+17 3.4409e+33 1.8820e+01 1.0365e+00 3.9914e-01 3.7818e-01 3.7819e-01 radiative
1.3420e+32 7.2369e+09 7.8206e+01 1.4464e+07 1.5392e+17 3.5125e+33 1.8540e+01 1.0392e+00 3.9914e-01 3.7725e-01 3.7725e-01 radiative
1.3803e+32 7.3108e+09 7.7893e+01 1.4429e+07 1.5293e+17 3.5830e+33 1.8266e+01 1.0419e+00 3.9915e-01 3.7634e-01 3.7634e-01 radiative
1.4187e+32 7.3835e+09 7.7582e+01 1.4394e+07 1.5196e+17 3.6526e+33 1.8000e+01 1.0445e+00 3.9915e-01 3.7544e-01 3.7544e-01 radiative
1.4570e+32 7.4551e+09 7.7273e+01 1.4360e+07 1.5099e+17 3.7211e+33 1.7739e+01 1.0472e+00 3.9915e-01 3.7456e-01 3.7456e-01 radiative
1.4953e+32 7.5256e+09 7.6967e+01 1.4326e+07 1.5004e+17 3.7886e+33 1.7485e+01 1.0498e+00 3.9915e-01 3.7369e-01 3.7369e-01 radiative
1.5337e+32 7.5951e+09 7.6664e+01 1.4292e+07 1.4909e+17 3.8552e+33 1.7236e+01 1.0524e+00 3.9916e-01 3.7283e-01 3.7283e-01 radiative
1.5720e+32 7.6636e+09 7.6362e+01 1.4259e+07 1.4816e+17 3.9208e+33 1.6993e+01 1.0550e+00 3.9916e-01 3.7198e-01 3.7199e-01 radiative
1.6104e+32 7.7312e+09 7.6063e+01 1.4226e+07 1.4724e+17 3.9855e+33 1.6755e+01 1.0576e+00 3.9916e-01 3.7115e-01 3.7115e-01 radiative
1.6487e+32 7.7978e+09 7.5766e+01 1.4193e+07 1.4632e+17 4.0493e+33 1.6522e+01 1.0602e+00 3.9916e-01 3.7033e-01 3.7033e-01 radiative
1.6871e+32 7.8636e+09 7.5471e+01 1.4161e+07 1.4542e+17 4.1122e+33 1.6294e+01 1.0628e+00 3.9917e-01 3.6953e-01 3.6953e-01 radiative
1.7254e+32 7.9286e+09 7.5179e+01 1.4128e+07 1.4453e+17 4.1742e+33 1.6071e+01 1.0653e+00 3.9917e-01 3.6873e-01 3.6873e-01 radiative
1.7637e+32 7.9928e+09 7.4888e+01 1.4096e+07 1.4364e+17 4.2354e+33 1.5852e+01 1.0678e+00 3.9917e-01 3.6793e-01 3.6793e-01 radiative
1.8021e+32 8.0562e+09 7.4599e+01 1.4065e+07 1.4277e+17 4.2958e+33 1.5638e+01 1.0703e+00 3.9917e-01 3.6714e-01 3.6714e-01 radiative
1.8404e+32 8.1188e+09 7.4312e+01 1.4033e+07 1.4190e+17 4.3553e+33 1.5428e+01 1.0728e+00 3.9918e-01 3.6636e-01 3.6636e-01 radiative
1.8788e+32 8.1807e+09 7.4027e+01 1.4002e+07 1.4104e+17 4.4141e+33 1.5221e+01 1.0753e+00 3.9918e-01 3.6559e-01 3.6559e-01 radiative
1.9171e+32 8.2420e+09 7.3744e+01 1.3971e+07 1.4019e+17 4.4721e+33 1.5019e+01 1.0777e+00 3.9918e-01 3.6483e-01 3.6483e-01 radiative
1.9555e+32 8.3026e+09 7.3462e+01 1.3941e+07 1.3935e+17 4.5293e+33 1.4821e+01 1.0802e+00 3.9918e-01 3.6407e-01 3.6407e-01 radiative
1.9938e+32 8.3625e+09 7.3182e+01 1.3910e+07 1.3852e+17 4.5857e+33 1.4626e+01 1.0826e+00 3.9919e-01 3.6333e-01 3.6333e-01 radiative
2.0321e+32 8.4218e+09 7.2904e+01 1.3880e+07 1.3769e+17 4.6414e+33 1.4435e+01 1.0851e+00 3.9919e-01 3.6259e-01 3.6259e-01 radiative
2.0705e+32 8.4805e+09 7.2627e+01 1.3850e+07 1.3687e+17 4.6964e+33 1.4247e+01 1.0875e+00 3.9919e-01 3.6186e-01 3.6186e-01 radiative
2.1088e+32 8.5386e+09 7.2352e+01 1.3821e+07 1.3606e+17 4.7507e+33 1.4063e+01 1.0899e+00 3.9919e-01 3.6114e-01 3.6114e-01 radiative
2.1472e+32 8.5962e+09 7.2079e+01 1.3791e+07 1.3526e+17 4.8043e+33 1.3882e+01 1.0923e+00 3.9919e-01 3.6043e-01 3.6043e-01 radiative
2.1855e+32 8.6532e+09 7.1807e+01 1.3762e+07 1.3446e+17 4.8572e+33 1.3704e+01 1.0947e+00 3.9920e-01 3.5972e-01 3.5972e-01 radiative
2.2238e+32 8.7097e+09 7.1536e+01 1.3733e+07 1.3367e+17 4.9094e+33 1.3529e+01 1.0971e+00 3.9920e-01 3.5902e-01 3.5902e-01 radiative
2.2622e+32 8.7657e+09 7.1267e+01 1.3704e+07 1.3289e+17 4.9609e+33 1.3357e+01 1.0994e+00 3.9920e-01 3.5833e-01 3.5833e-01 radiative
2.3005e+32 8.8212e+09 7.1000e+01 1.3675e+07 1.3211e+17 5.0118e+33 1.3189e+01 1.1018e+00 3.9920e-01 3.5764e-01 3.5765e-01 radiative
2.3389e+32 8.8761e+09 7.0733e+01 1.3646e+07 1.3134e+17 5.0621e+33 1.3022e+01 1.1042e+00 3.9920e-01 3.5696e-01 3.5697e-01 radiative
2.3772e+32 8.9307e+09 7.0469e+01 1.3618e+07 1.3057e+17 5.1117e+33 1.2859e+01 1.1065e+00 3.9921e-01 3.5629e-01 3.5629e-01 radiative
2.4156e+32 8.9847e+09 7.0205e+01 1.3590e+07 1.2982e+17 5.1607e+33 1.2698e+01 1.1089e+00 3.9921e-01 3.5562e-01 3.5562e-01 radiative
2.4539e+32 9.0383e+09 6.9943e+01 1.3562e+07 1.2906e+17 5.2091e+33 1.2540e+01 1.1112e+00 3.9921e-01 3.5496e-01 3.5496e-01 radiative
2.4922e+32 9.0915e+09 6.9682e+01 1.3534e+07 1.2832e+17 5.2568e+33 1.2384e+01 1.1135e+00 3.9921e-01 3.5431e-01 3.5431e-01 radiative
2.5306e+32 9.1443e+09 6.9422e+01 1.3506e+07 1.2758e+17 5.3040e+33 1.2231e+01 1.1159e+00 3.9921e-01 3.5366e-01 3.5366e-01 radiative
2.5689e+32 9.1967e+09 6.9164e+01 1.3479e+07 1.2685e+17 5.3506e+33 1.2080e+01 1.1182e+00 3.9922e-01 3.5301e-01 3.5301e-01 radiative
2.6073e+32 9.2486e+09 6.8907e+01 1.3451e+07 1.2612e+17 5.3967e+33 1.1932e+01 1.1205e+00 3.9922e-01 3.5237e-01 3.5237e-01 radiative
2.6456e+32 9.3002e+09 6.8651e+01 1.3424e+07 1.2539e+17 5.4421e+33 1.1786e+01 1.1228e+00 3.9922e-01 3.5173e-01 3.5174e-01 radiative
2.6840e+32 9.3514e+09 6.8396e+01 1.3397e+07 1.2468e+17 5.4870e+33 1.1642e+01 1.1251e+00 3.9922e-01 3.5110e-01 3.5111e-01 radiative
2.7223e+32 9.4022e+09 6.8142e+01 1.3370e+07 1.2397e+17 5.5314e+33 1.1500e+01 1.1274e+00 3.9922e-01 3.5048e-01 3.5048e-01 radiative
2.7606e+32 9.4527e+09 6.7889e+01 1.3344e+07 1.2326e+17 5.5752e+33 1.1361e+01 1.1297e+00 3.9922e-01 3.4986e-01 3.4986e-01 radiative
2.7990e+32 9.5028e+09 6.7638e+01 1.3317e+07 1.2256e+17 5.6185e+33 1.1223e+01 1.1320e+00 3.9923e-01 3.4924e-01 3.4924e-01 radiative
2.8373e+32 9.5526e+09 6.7388e+01 1.3291e+07 1.2186e+17 5.6613e+33 1.1088e+01 1.1343e+00 3.9923e-01 3.4863e-01 3.4863e-01 radiative
2.8757e+32 9.6021e+09 6.7138e+01 1.3264e+07 1.2117e+17 5.7036e+33 1.0954e+01 1.1366e+00 3.9923e-01 3.4802e-01 3.4802e-01 radiative
2.9140e+32 9.6512e+09 6.6890e+01 1.3238e+07 1.2048e+17 5.7453e+33 1.0823e+01 1.1388e+00 3.9923e-01 3.4742e-01 3.4742e-01 radiative
2.9523e+32 9.7000e+09 6.6643e+01 1.3212e+07 1.1980e+17 5.7866e+33 1.0693e+01 1.1411e+00 3.9923e-01 3.4682e-01 3.4682e-01 radiative
2.9907e+32 9.7485e+09 6.6397e+01 1.3186e+07 1.1913e+17 5.8273e+33 1.0565e+01 1.1434e+00 3.9924e-01 3.4622e-01 3.4623e-01 radiative
3.0290e+32 9.7967e+09 6.6152e+01 1.3160e+07 1.1845e+17 5.8676e+33 1.0439e+01 1.1456e+00 3.9924e-01 3.4563e-01 3.4563e-01 radiative
3.0674e+32 9.8446e+09 6.5908e+01 1.3135e+07 1.1779e+17 5.9074e+33 1.0315e+01 1.1479e+00 3.9924e-01 3.4505e-01 3.4505e-01 radiative
3.1057e+32 9.8923e+09 6.5665e+01 1.3109e+07 1.1712e+17 5.9467e+33 1.0192e+01 1.1501e+00 3.9924e-01 3.4446e-01 3.4446e-01 radiative
3.1441e+32 9.9396e+09 6.5423e+01 1.3084e+07 1.1647e+17 5.9855e+33 1.0072e+01 1.1524e+00 3.9924e-01 3.4388e-01 3.4388e-01 radiative
3.1824e+32 9.9867e+09 6.5182e+01 1.3059e+07 1.1581e+17 6.0239e+33 9.9526e+00 1.1546e+00 3.9924e-01 3.4330e-01 3.4331e-01 radiative
3.2207e+32 1.0033e+10 6.4941e+01 1.3033e+07 1.1516e+17 6.0618e+33 9.8351e+00 1.1568e+00 3.9924e-01 3.4273e-01 3.4273e-01 radiative
3.2591e+32 1.0080e+10 6.4702e+01 1.3008e+07 1.1452e+17 6.0993e+33 9.7193e+00 1.1591e+00 3.9925e-01 3.4216e-01 3.4216e-01 radiative
3.2974e+32 1.0126e+10 6.4464e+01 1.2983e+07 1.1388e+17 6.1364e+33 9.6050e+00 1.1613e+00 3.9925e-01 3.4160e-01 3.4160e-01 radiative
3.3358e+32 1.0172e+10 6.4226e+01 1.2959e+07 1.1324e+17 6.1730e+33 9.4923e+00 1.1635e+00 3.9925e-01 3.4103e-01 3.4103e-01 radiative
3.3741e+32 1.0218e+10 6.3990e+01 1.2934e+07 1.1261e+17 6.2092e+33 9.3811e+00 1.1658e+00 3.9925e-01 3.4047e-01 3.4047e-01 radiative
3.4125e+32 1.0264e+10 6.3754e+01 1.2909e+07 1.1198e+17 6.2449e+33 9.2714e+00 1.1680e+00 3.9925e-01 3.3991e-01 3.3991e-01 radiative
3.4508e+32 1.0309e+10 6.3520e+01 1.2885e+07 1.1136e+17 6.2803e+33 9.1632e+00 1.1702e+00 3.9925e-01 3.3936e-01 3.3936e-01 radiative
3.4891e+32 1.0354e+10 6.3286e+01 1.2861e+07 1.1074e+17 6.3152e+33 9.0564e+00 1.1724e+00 3.9926e-01 3.3881e-01 3.3881e-01 radiative
3.5275e+32 1.0399e+10 6.3053e+01 1.2836e+07 1.1012e+17 6.3497e+33 8.9509e+00 1.1746e+00 3.9926e-01 3.3826e-01 3.3826e-01 radiative
3.5658e+32 1.0444e+10 6.2820e+01 1.2812e+07 1.0951e+17 6.3838e+33 8.8469e+00 1.1768e+00 3.9926e-01 3.3771e-01 3.3771e-01 radiative
3.6042e+32 1.0488e+10 6.2589e+01 1.2788e+07 1.0890e+17 6.4176e+33 8.7442e+00 1.1790e+00 3.9926e-01 3.3717e-01 3.3717e-01 radiative
3.6425e+32 1.0532e+10 6.2358e+01 1.2764e+07 1.0830e+17 6.4509e+33 8.6429e+00 1.1812e+00 3.9926e-01 3.3663e-01 3.3663e-01 radiative
3.6808e+32 1.0576e+10 6.2129e+01 1.2740e+07 1.0770e+17 6.4838e+33 8.5428e+00 1.1834e+00 3.9926e-01 3.3609e-01 3.3609e-01 radiative
3.7192e+32 1.0620e+10 6.1900e+01 1.2716e+07 1.0710e+17 6.5164e+33 8.4441e+00 1.1856e+00 3.9926e-01 3.3556e-01 3.3556e-01 radiative
3.7575e+32 1.0664e+10 6.1672e+01 1.2693e+07 1.0650e+17 6.5486e+33 8.3466e+00 1.1878e+00 3.9927e-01 3.3503e-01 3.3503e-01 radiative
3.7959e+32 1.0707e+10 6.1444e+01 1.2669e+07 1.0591e+17 6.5804e+33 8.2503e+00 1.1900e+00 3.9927e-01 3.3450e-01 3.3450e-01 radiative
3.8342e+32 1.0750e+10 6.1218e+01 1.2646e+07 1.0533e+17 6.6119e+33 8.1553e+00 1.1922e+00 3.9927e-01 3.3397e-01 3.3397e-01 radiative
3.8726e+32 1.0793e+10 6.0992e+01 1.2622e+07 1.0475e+17 6.6430e+33 8.0615e+00 1.1943e+00 3.9927e-01 3.3344e-01 3.3344e-01 radiative
3.9109e+32 1.0836e+10 6.0767e+01 1.2599e+07 1.0417e+17 6.6737e+33 7.9688e+00 1.1965e+00 3.9927e-01 3.3292e-01 3.3292e-01 radiative
3.9492e+32 1.0879e+10 6.0543e+01 1.2576e+07 1.0359e+17 6.7041e+33 7.8773e+00 1.1987e+00 3.9927e-01 3.3240e-01 3.3240e-01 radiative
3.9876e+32 1.0921e+10 6.0319e+01 1.2553e+07 1.0302e+17 6.7341e+33 7.7870e+00 1.2008e+00 3.9927e-01 3.3188e-01 3.3188e-01 radiative
4.0259e+32 1.0964e+10 6.0096e+01 1.2530e+07 1.0245e+17 6.7638e+33 7.6977e+00 1.2030e+00 3.9927e-01 3.3136e-01 3.3136e-01 radiative
4.0643e+32 1.1006e+10 5.9874e+01 1.2507e+07 1.0188e+17 6.7931e+33 7.6096e+00 1.2052e+00 3.9928e-01 3.3084e-01 3.3084e-01 radiative
4.1026e+32 1.1048e+10 5.9653e+01 1.2484e+07 1.0132e+17 6.8221e+33 7.5225e+00 1.2073e+00 3.9928e-01 3.3032e-01 3.3032e-01 radiative
4.1410e+32 1.1090e+10 5.9432e+01 1.2461e+07 1.0076e+17 6.8508e+33 7.4366e+00 1.2095e+00 3.9928e-01 3.2981e-01 3.2981e-01 radiative
4.1793e+32 1.1131e+10 5.9212e+01 1.2438e+07 1.0021e+17 6.8792e+33 7.3516e+00 1.2116e+00 3.9928e-01 3.2930e-01 3.2930e-01 radiative
4.2176e+32 1.1173e+10 5.8993e+01 1.2416e+07 9.9654e+16 6.9072e+33 7.2677e+00 1.2137e+00 3.9928e-01 3.2879e-01 3.2879e-01 radiative
4.2560e+32 1.1214e+10 5.8775e+01 1.2393e+07 9.9104e+16 6.9349e+33 7.1849e+00 1.2159e+00 3.9928e-01 3.2828e-01 3.2828e-01 radiative
4.2943e+32 1.1255e+10 5.8557e+01 1.2371e+07 9.8558e+16 6.9623e+33 7.1030e+00 1.2180e+00 3.9928e-01 3.2777e-01 3.2777e-01 radiative
4.3327e+32 1.1296e+10 5.8339e+01 1.2348e+07 9.8015e+16 6.9894e+33 7.0221e+00 1.2202e+00 3.9928e-01 3.2726e-01 3.2727e-01 radiative
4.3710e+32 1.1337e+10 5.8123e+01 1.2326e+07 9.7475e+16 7.0161e+33 6.9422e+00 1.2223e+00 3.9929e-01 3.2676e-01 3.2676e-01 radiative
4.4093e+32 1.1378e+10 5.7907e+01 1.2304e+07 9.6938e+16 7.0426e+33 6.8632e+00 1.2244e+00 3.9929e-01 3.2626e-01 3.2626e-01 radiative
4.4477e+32 1.1419e+10 5.7692e+01 1.2282e+07 9.6403e+16 7.0688e+33 6.7852e+00 1.2266e+00 3.9929e-01 3.2576e-01 3.2576e-01 radiative
4.4860e+32 1.1459e+10 5.7477e+01 1.2260e+07 9.5872e+16 7.0946e+33 6.7081e+00 1.2287e+00 3.9929e-01 3.2526e-01 3.2526e-01 radiative
4.5244e+32 1.1500e+10 5.7264e+01 1.2238e+07 9.5344e+16 7.1202e+33 6.6320e+00 1.2308e+00 3.9929e-01 3.2476e-01 3.2477e-01 radiative
4.5627e+32 1.1540e+10 5.7050e+01 1.2216e+07 9.4819e+16 7.1455e+33 6.5567e+00 1.2329e+00 3.9929e-01 3.2427e-01 3.2427e-01 radiative
4.6011e+32 1.1580e+10 5.6838e+01 1.2194e+07 9.4296e+16 7.1705e+33 6.4823e+00 1.2350e+00 3.9929e-01 3.2378e-01 3.2378e-01 radiative
4.6394e+32 1.1620e+10 5.6626e+01 1.2172e+07 9.3777e+16 7.1952e+33 6.4088e+00 1.2372e+00 3.9929e-01 3.2328e-01 3.2328e-01 radiative
4.6777e+32 1.1660e+10 5.6414e+01 1.2150e+07 9.3260e+16 7.2196e+33 6.3362e+00 1.2393e+00 3.9930e-01 3.2279e-01 3.2279e-01 radiative
4.7161e+32 1.1699e+10 5.6204e+01 1.2129e+07 9.2746e+16 7.2438e+33 6.2644e+00 1.2414e+00 3.9930e-01 3.2230e-01 3.2230e-01 radiative
4.7544e+32 1.1739e+10 5.5994e+01 1.2107e+07 9.2235e+16 7.2677e+33 6.1935e+00 1.2435e+00 3.9930e-01 3.2182e-01 3.2182e-01 radiative
4.7928e+32 1.1779e+10 5.5784e+01 1.2086e+07 9.1727e+16 7.2913e+33 6.1233e+00 1.2456e+00 3.9930e-01 3.2133e-01 3.2133e-01 radiative
4.8311e+32 1.1818e+10 5.5575e+01 1.2064e+07 9.1221e+16 7.3146e+33 6.0540e+00 1.2478e+00 3.9930e-01 3.2086e-01 3.2086e-01 radiative
4.8695e+32 1.1857e+10 5.5367e+01 1.2043e+07 9.0718e+16 7.3377e+33 5.9855e+00 1.2500e+00 3.9930e-01 3.2040e-01 3.2040e-01 radiative
4.9078e+32 1.1896e+10 5.5159e+01 1.2022e+07 9.0218e+16 7.3605e+33 5.9178e+00 1.2522e+00 3.9930e-01 3.1994e-01 3.1994e-01 radiative
4.9461e+32 1.1935e+10 5.4952e+01 1.2000e+07 8.9721e+16 7.3831e+33 5.8509e+00 1.2544e+00 3.9930e-01 3.1949e-01 3.1949e-01 radiative
4.9845e+32 1.1974e+10 5.4746e+01 1.1979e+07 8.9226e+16 7.4054e+33 5.7847e+00 1.2566e+00 3.9930e-01 3.1903e-01 3.1903e-01 radiative
5.0228e+32 1.2013e+10 5.4540e+01 1.1958e+07 8.8733e+16 7.4275e+33 5.7193e+00 1.2588e+00 3.9931e-01 3.1858e-01 3.1858e-01 radiative
5.0612e+32 1.2052e+10 5.4334e+01 1.1937e+07 8.8244e+16 7.4493e+33 5.6546e+00 1.2609e+00 3.9931e-01 3.1813e-01 3.1813e-01 radiative
5.0995e+32 1.2090e+10 5.4130e+01 1.1916e+07 8.7756e+16 7.4708e+33 5.5907e+00 1.2631e+00 3.9931e-01 3.1768e-01 3.1768e-01 radiative
5.1379e+32 1.2129e+10 5.3925e+01 1.1895e+07 8.7272e+16 7.4921e+33 5.5275e+00 1.2653e+00 3.9931e-01 3.1723e-01 3.1723e-01 radiative
5.1762e+32 1.2167e+10 5.3722e+01 1.1874e+07 8.6790e+16 7.5132e+33 5.4650e+00 1.2675e+00 3.9931e-01 3.1678e-01 3.1678e-01 radiative
5.2145e+32 1.2206e+10 5.3519e+01 1.1853e+07 8.6310e+16 7.5340e+33 5.4032e+00 1.2697e+00 3.9931e-01 3.1634e-01 3.1634e-01 radiative
5.2529e+32 1.2244e+10 5.3316e+01 1.1833e+07 8.5833e+16 7.5546e+33 5.3422e+00 1.2719e+00 3.9931e-01 3.1589e-01 3.1589e-01 radiative
5.2912e+32 1.2282e+10 5.3115e+01 1.1812e+07 8.5358e+16 7.5750e+33 5.2818e+00 1.2741e+00 3.9931e-01 3.1544e-01 3.1544e-01 radiative
5.3296e+32 1.2320e+10 5.2913e+01 1.1791e+07 8.4886e+16 7.5952e+33 5.2221e+00 1.2763e+00 3.9931e-01 3.1500e-01 3.1500e-01 radiative
5.3679e+32 1.2358e+10 5.2712e+01 1.1771e+07 8.4416e+16 7.6151e+33 5.1630e+00 1.2784e+00 3.9931e-01 3.1456e-01 3.1456e-01 radiative
5.4062e+32 1.2396e+10 5.2512e+01 1.1750e+07 8.3949e+16 7.6347e+33 5.1047e+00 1.2806e+00 3.9932e-01 3.1412e-01 3.1412e-01 radiative
5.4446e+32 1.2434e+10 5.2312e+01 1.1730e+07 8.3484e+16 7.6542e+33 5.0470e+00 1.2828e+00 3.9932e-01 3.1368e-01 3.1368e-01 radiative
5.4829e+32 1.2471e+10 5.2113e+01 1.1709e+07 8.3021e+16 7.6734e+33 4.9899e+00 1.2850e+00 3.9932e-01 3.1324e-01 3.1324e-01 radiative
5.5213e+32 1.2509e+10 5.1915e+01 1.1689e+07 8.2561e+16 7.6925e+33 4.9335e+00 1.2871e+00 3.9932e-01 3.1280e-01 3.1280e-01 radiative
5.5596e+32 1.2546e+10 5.1717e+01 1.1669e+07 8.2103e+16 7.7113e+33 4.8777e+00 1.2893e+00 3.9932e-01 3.1236e-01 3.1236e-01 radiative
5.5980e+32 1.2584e+10 5.1519e+01 1.1648e+07 8.1648e+16 7.7299e+33 4.8225e+00 1.2915e+00 3.9932e-01 3.1192e-01 3.1192e-01 radiative
5.6363e+32 1.2621e+10 5.1322e+01 1.1628e+07 8.1194e+16 7.7483e+33 4.7679e+00 1.2937e+00 3.9932e-01 3.1149e-01 3.1149e-01 radiative
5.6746e+32 1.2658e+10 5.1126e+01 1.1608e+07 8.0743e+16 7.7664e+33 4.7140e+00 1.2958e+00 3.9932e-01 3.1105e-01 3.1105e-01 radiative
5.7130e+32 1.2696e+10 5.0930e+01 1.1588e+07 8.0294e+16 7.7844e+33 4.6606e+00 1.2980e+00 3.9932e-01 3.1062e-01 3.1062e-01 radiative
5.7513e+32 1.2733e+10 5.0734e+01 1.1568e+07 7.9848e+16 7.8022e+33 4.6078e+00 1.3001e+00 3.9932e-01 3.1019e-01 3.1019e-01 radiative
5.7897e+32 1.2770e+10 5.0539e+01 1.1548e+07 7.9403e+16 7.8197e+33 4.5556e+00 1.3023e+00 3.9932e-01 3.0975e-01 3.0975e-01 radiative
5.8280e+32 1.2807e+10 5.0345e+01 1.1528e+07 7.8961e+16 7.8371e+33 4.5040e+00 1.3045e+00 3.9933e-01 3.0932e-01 3.0932e-01 radiative
5.8664e+32 1.2844e+10 5.0151e+01 1.1508e+07 7.8521e+16 7.8543e+33 4.4530e+00 1.3066e+00 3.9933e-01 3.0889e-01 3.0889e-01 radiative
5.9047e+32 1.2881e+10 4.9957e+01 1.1488e+07 7.8083e+16 7.8713e+33 4.4025e+00 1.3088e+00 3.9933e-01 3.0846e-01 3.0846e-01 radiative
5.9430e+32 1.2917e+10 4.9764e+01 1.1469e+07 7.7648e+16 7.8880e+33 4.3526e+00 1.3109e+00 3.9933e-01 3.0803e-01 3.0803e-01 radiative
5.9814e+32 1.2954e+10 4.9572e+01 1.1449e+07 7.7214e+16 7.9046e+33 4.3032e+00 1.3131e+00 3.9933e-01 3.0760e-01 3.0760e-01 radiative
6.0197e+32 1.2991e+10 4.9380e+01 1.1429e+07 7.6783e+16 7.9210e+33 4.2544e+00 1.3153e+00 3.9933e-01 3.0718e-01 3.0718e-01 radiative
6.0581e+32 1.3027e+10 4.9188e+01 1.1409e+07 7.6354e+16 7.9373e+33 4.2061e+00 1.3174e+00 3.9933e-01 3.0675e-01 3.0675e-01 radiative
6.0964e+32 1.3064e+10 4.8998e+01 1.1390e+07 7.5926e+16 7.9533e+33 4.1583e+00 1.3196e+00 3.9933e-01 3.0632e-01 3.0632e-01 radiative
6.1347e+32 1.3100e+10 4.8807e+01 1.1370e+07 7.5501e+16 7.9692e+33 4.1111e+00 1.3217e+00 3.9933e-01 3.0590e-01 3.0590e-01 radiative
6.1731e+32 1.3137e+10 4.8617e+01 1.1351e+07 7.5078e+16 7.9848e+33 4.0644e+00 1.3239e+00 3.9933e-01 3.0547e-01 3.0547e-01 radiative
6.2114e+32 1.3173e+10 4.8428e+01 1.1331e+07 7.4657e+16 8.0003e+33 4.0181e+00 1.3260e+00 3.9933e-01 3.0505e-01 3.0505e-01 radiative
6.2498e+32 1.3209e+10 4.8238e+01 1.1312e+07 7.4238e+16 8.0156e+33 3.9724e+00 1.3281e+00 3.9933e-01 3.0462e-01 3.0462e-01 radiative
6.2881e+32 1.3246e+10 4.8050e+01 1.1292e+07 7.3821e+16 8.0308e+33 3.9272e+00 1.3303e+00 3.9934e-01 3.0420e-01 3.0420e-01 radiative
6.3265e+32 1.3282e+10 4.7862e+01 1.1273e+07 7.3406e+16 8.0458e+33 3.8825e+00 1.3324e+00 3.9934e-01 3.0378e-01 3.0378e-01 radiative
6.3648e+32 1.3318e+10 4.7674e+01 1.1254e+07 7.2994e+16 8.0606e+33 3.8383e+00 1.3346e+00 3.9934e-01 3.0335e-01 3.0336e-01 radiative
6.4031e+32 1.3354e+10 4.7487e+01 1.1235e+07 7.2583e+16 8.0752e+33 3.7945e+00 1.3367e+00 3.9934e-01 3.0293e-01 3.0294e-01 radiative
6.4415e+32 1.3390e+10 4.7300e+01 1.1215e+07 7.2174e+16 8.0897e+33 3.7512e+00 1.3389e+00 3.9934e-01 3.0252e-01 3.0252e-01 radiative
6.4798e+32 1.3426e+10 4.7114e+01 1.1196e+07 7.1767e+16 8.1040e+33 3.7084e+00 1.3411e+00 3.9934e-01 3.0212e-01 3.0212e-01 radiative
6.5182e+32 1.3462e+10 4.6928e+01 1.1177e+07 7.1362e+16 8.1181e+33 3.6661e+00 1.3434e+00 3.9934e-01 3.0173e-01 3.0172e-01 radiative
6.5565e+32 1.3498e+10 4.6743e+01 1.1158e+07 7.0958e+16 8.1321e+33 3.6242e+00 1.3456e+00 3.9934e-01 3.0133e-01 3.0133e-01 radiative
6.5949e+32 1.3533e+10 4.6558e+01 1.1139e+07 7.0557e+16 8.1459e+33 3.5828e+00 1.3479e+00 3.9934e-01 3.0094e-01 3.0094e-01 radiative
6.6332e+32 1.3569e+10 4.6374e+01 1.1120e+07 7.0158e+16 8.1595e+33 3.5418e+00 1.3501e+00 3.9934e-01 3.0055e-01 3.0055e-01 radiative
6.6715e+32 1.3605e+10 4.6190e+01 1.1101e+07 6.9761e+16 8.1730e+33 3.5012e+00 1.3523e+00 3.9934e-01 3.0016e-01 3.0016e-01 radiative
6.7099e+32 1.3641e+10 4.6006e+01 1.1082e+07 6.9365e+16 8.1864e+33 3.4611e+00 1.3546e+00 3.9934e-01 2.9976e-01 2.9976e-01 radiative
6.7482e+32 1.3676e+10 4.5823e+01 1.1063e+07 6.8971e+16 8.1996e+33 3.4215e+00 1.3568e+00 3.9935e-01 2.9937e-01 2.9937e-01 radiative
6.7866e+32 1.3712e+10 4.5641e+01 1.1044e+07 6.8580e+16 8.2126e+33 3.3822e+00 1.3591e+00 3.9935e-01 2.9898e-01 2.9898e-01 radiative
6.8249e+32 1.3747e+10 4.5459e+01 1.1026e+07 6.8190e+16 8.2255e+33 3.3434e+00 1.3613e+00 3.9935e-01 2.9859e-01 2.9859e-01 radiative
6.8632e+32 1.3783e+10 4.5277e+01 1.1007e+07 6.7801e+16 8.2383e+33 3.3050e+00 1.3635e+00 3.9935e-01 2.9820e-01 2.9820e-01 radiative
6.9016e+32 1.3818e+10 4.5096e+01 1.0988e+07 6.7415e+16 8.2509e+33 3.2670e+00 1.3658e+00 3.9935e-01 2.9781e-01 2.9781e-01 radiative
6.9399e+32 1.3854e+10 4.4915e+01 1.0969e+07 6.7031e+16 8.2633e+33 3.2294e+00 1.3680e+00 3.9935e-01 2.9742e-01 2.9742e-01 radiative
6.9783e+32 1.3889e+10 4.4735e+01 1.0951e+07 6.6648e+16 8.2756e+33 3.1922e+00 1.3702e+00 3.9935e-01 2.9703e-01 2.9703e-01 radiative
7.0166e+32 1.3924e+10 4.4555e+01 1.0932e+07 6.6267e+16 8.2878e+33 3.1555e+00 1.3725e+00 3.9935e-01 2.9665e-01 2.9665e-01 radiative
7.0550e+32 1.3960e+10 4.4375e+01 1.0914e+07 6.5888e+16 8.2998e+33 3.1191e+00 1.3747e+00 3.9935e-01 2.9626e-01 2.9626e-01 radiative
7.0933e+32 1.3995e+10 4.4196e+01 1.0895e+07 6.5511e+16 8.3117e+33 3.0831e+00 1.3769e+00 3.9935e-01 2.9587e-01 2.9587e-01 radiative
7.1316e+32 1.4030e+10 4.4018e+01 1.0877e+07 6.5135e+16 8.3235e+33 3.0475e+00 1.3792e+00 3.9935e-01 2.9548e-01 2.9548e-01 radiative
7.1700e+32 1.4065e+10 4.3840e+01 1.0858e+07 6.4761e+16 8.3351e+33 3.0122e+00 1.3814e+00 3.9935e-01 2.9510e-01 2.9510e-01 radiative
7.2083e+32 1.4101e+10 4.3662e+01 1.0840e+07 6.4389e+16 8.3466e+33 2.9774e+00 1.3836e+00 3.9935e-01 2.9471e-01 2.9471e-01 radiative
7.2467e+32 1.4136e+10 4.3485e+01 1.0821e+07 6.4019e+16 8.3579e+33 2.9429e+00 1.3859e+00 3.9935e-01 2.9432e-01 2.9432e-01 radiative
7.2850e+32 1.4171e+10 4.3308e+01 1.0803e+07 6.3650e+16 8.3691e+33 2.9088e+00 1.3881e+00 3.9935e-01 2.9394e-01 2.9394e-01 radiative
7.3234e+32 1.4206e+10 4.3131e+01 1.0785e+07 6.3283e+16 8.3802e+33 2.8751e+00 1.3903e+00 3.9936e-01 2.9355e-01 2.9355e-01 radiative
7.3617e+32 1.4241e+10 4.2955e+01 1.0766e+07 6.2918e+16 8.3912e+33 2.8417e+00 1.3925e+00 3.9936e-01 2.9317e-01 2.9317e-01 radiative
7.4000e+32 1.4276e+10 4.2780e+01 1.0748e+07 6.2554e+16 8.4020e+33 2.8087e+00 1.3948e+00 3.9936e-01 2.9278e-01 2.9278e-01 radiative
7.4384e+32 1.4311e+10 4.2604e+01 1.0730e+07 6.2192e+16 8.4127e+33 2.7760e+00 1.3970e+00 3.9936e-01 2.9240e-01 2.9240e-01 radiative
7.4767e+32 1.4346e+10 4.2430e+01 1.0712e+07 6.1832e+16 8.4233e+33 2.7437e+00 1.3992e+00 3.9936e-01 2.9201e-01 2.9201e-01 radiative
7.5151e+32 1.4381e+10 4.2255e+01 1.0693e+07 6.1474e+16 8.4338e+33 2.7117e+00 1.4014e+00 3.9936e-01 2.9163e-01 2.9163e-01 radiative
7.5534e+32 1.4416e+10 4.2081e+01 1.0675e+07 6.1117e+16 8.4441e+33 2.6801e+00 1.4036e+00 3.9936e-01 2.9125e-01 2.9125e-01 radiative
7.5917e+32 1.4451e+10 4.1908e+01 1.0657e+07 6.0761e+16 8.4543e+33 2.6488e+00 1.4059e+00 3.9936e-01 2.9086e-01 2.9086e-01 radiative
7.6301e+32 1.4485e+10 4.1735e+01 1.0639e+07 6.0408e+16 8.4644e+33 2.6178e+00 1.4081e+00 3.9936e-01 2.9048e-01 2.9048e-01 radiative
7.6684e+32 1.4520e+10 4.1562e+01 1.0621e+07 6.0056e+16 8.4744e+33 2.5872e+00 1.4103e+00 3.9936e-01 2.9010e-01 2.9010e-01 radiative
7.7068e+32 1.4555e+10 4.1390e+01 1.0603e+07 5.9705e+16 8.4843e+33 2.5569e+00 1.4125e+00 3.9936e-01 2.8971e-01 2.8971e-01 radiative
7.7451e+32 1.4590e+10 4.1218e+01 1.0585e+07 5.9356e+16 8.4940e+33 2.5270e+00 1.4147e+00 3.9936e-01 2.8933e-01 2.8933e-01 radiative
7.7835e+32 1.4625e+10 4.1046e+01 1.0567e+07 5.9009e+16 8.5036e+33 2.4973e+00 1.4169e+00 3.9936e-01 2.8895e-01 2.8895e-01 radiative
7.8218e+32 1.4659e+10 4.0875e+01 1.0549e+07 5.8664e+16 8.5132e+33 2.4680e+00 1.4191e+00 3.9936e-01 2.8856e-01 2.8856e-01 radiative
7.8601e+32 1.4694e+10 4.0704e+01 1.0531e+07 5.8320e+16 8.5226e+33 2.4390e+00 1.4213e+00 3.9936e-01 2.8818e-01 2.8818e-01 radiative
7.8985e+32 1.4729e+10 4.0534e+01 1.0514e+07 5.7977e+16 8.5319e+33 2.4103e+00 1.4235e+00 3.9936e-01 2.8780e-01 2.8780e-01 radiative
7.9368e+32 1.4763e+10 4.0364e+01 1.0496e+07 5.7636e+16 8.5410e+33 2.3819e+00 1.4258e+00 3.9937e-01 2.8742e-01 2.8742e-01 radiative
7.9752e+32 1.4798e+10 4.0194e+01 1.0478e+07 5.7297e+16 8.5501e+33 2.3538e+00 1.4280e+00 3.9937e-01 2.8703e-01 2.8703e-01 radiative
8.0135e+32 1.4833e+10 4.0025e+01 1.0460e+07 5.6959e+16 8.5591e+33 2.3260e+00 1.4302e+00 3.9937e-01 2.8665e-01 2.8665e-01 radiative
8.0519e+32 1.4867e+10 3.9857e+01 1.0442e+07 5.6623e+16 8.5680e+33 2.2985e+00 1.4324e+00 3.9937e-01 2.8627e-01 2.8627e-01 radiative
8.0902e+32 1.4902e+10 3.9688e+01 1.0425e+07 5.6288e+16 8.5767e+33 2.2713e+00 1.4346e+00 3.9937e-01 2.8589e-01 2.8589e-01 radiative
8.1285e+32 1.4937e+10 3.9520e+01 1.0407e+07 5.5955e+16 8.5854e+33 2.2444e+00 1.4368e+00 3.9937e-01 2.8550e-01 2.8550e-01 radiative
8.1669e+32 1.4971e+10 3.9353e+01 1.0389e+07 5.5623e+16 8.5939e+33 2.2178e+00 1.4390e+00 3.9937e-01 2.8512e-01 2.8512e-01 radiative
8.2052e+32 1.5006e+10 3.9186e+01 1.0372e+07 5.5293e+16 8.6024e+33 2.1914e+00 1.4412e+00 3.9937e-01 2.8474e-01 2.8474e-01 radiative
8.2436e+32 1.5040e+10 3.9019e+01 1.0354e+07 5.4964e+16 8.6107e+33 2.1654e+00 1.4434e+00 3.9937e-01 2.8436e-01 2.8436e-01 radiative
8.2819e+32 1.5075e+10 3.8852e+01 1.0337e+07 5.4637e+16 8.6190e+33 2.1396e+00 1.4456e+00 3.9937e-01 2.8397e-01 2.8397e-01 radiative
8.3203e+32 1.5110e+10 3.8686e+01 1.0319e+07 5.4311e+16 8.6271e+33 2.1141e+00 1.4478e+00 3.9937e-01 2.8359e-01 2.8359e-01 radiative
8.3586e+32 1.5144e+10 3.8521e+01 1.0302e+07 5.3987e+16 8.6352e+33 2.0889e+00 1.4500e+00 3.9937e-01 2.8321e-01 2.8321e-01 radiative
8.3969e+32 1.5179e+10 3.8355e+01 1.0284e+07 5.3664e+16 8.6432e+33 2.0639e+00 1.4521e+00 3.9937e-01 2.8283e-01 2.8283e-01 radiative
8.4353e+32 1.5213e+10 3.8190e+01 1.0267e+07 5.3343e+16 8.6510e+33 2.0393e+00 1.4543e+00 3.9937e-01 2.8244e-01 2.8244e-01 radiative
8.4736e+32 1.5248e+10 3.8026e+01 1.0249e+07 5.3023e+16 8.6588e+33 2.0149e+00 1.4565e+00 3.9937e-01 2.8206e-01 2.8206e-01 radiative
8.5120e+32 1.5282e+10 3.7862e+01 1.0232e+07 5.2704e+16 8.6665e+33 1.9907e+00 1.4587e+00 3.9937e-01 2.8168e-01 2.8168e-01 radiative
8.5503e+32 1.5317e+10 3.7698e+01 1.0215e+07 5.2387e+16 8.6741e+33 1.9668e+00 1.4609e+00 3.9937e-01 2.8129e-01 2.8129e-01 radiative
8.5886e+32 1.5351e+10 3.7535e+01 1.0197e+07 5.2072e+16 8.6816e+33 1.9432e+00 1.4631e+00 3.9937e-01 2.8091e-01 2.8091e-01 radiative
8.6270e+32 1.5386e+10 3.7372e+01 1.0180e+07 5.1758e+16 8.6890e+33 1.9198e+00 1.4653e+00 3.9937e-01 2.8053e-01 2.8053e-01 radiative
8.6653e+32 1.5420e+10 3.7209e+01 1.0163e+07 5.1445e+16 8.6963e+33 1.8967e+00 1.4674e+00 3.9937e-01 2.8014e-01 2.8014e-01 radiative
8.7037e+32 1.5455e+10 3.7047e+01 1.0145e+07 5.1134e+16 8.7035e+33 1.8738e+00 1.4696e+00 3.9938e-01 2.7976e-01 2.7976e-01 radiative
8.7420e+32 1.5489e+10 3.6885e+01 1.0128e+07 5.0824e+16 8.7107e+33 1.8512e+00 1.4718e+00 3.9938e-01 2.7937e-01 2.7937e-01 radiative
8.7804e+32 1.5524e+10 3.6723e+01 1.0111e+07 5.0515e+16 8.7177e+33 1.8288e+00 1.4740e+00 3.9938e-01 2.7899e-01 2.7899e-01 radiative
8.8187e+32 1.5558e+10 3.6562e+01 1.0094e+07 5.0208e+16 8.7247e+33 1.8067e+00 1.4762e+00 3.9938e-01 2.7860e-01 2.7860e-01 radiative
8.8570e+32 1.5593e+10 3.6401e+01 1.0077e+07 4.9902e+16 8.7316e+33 1.7848e+00 1.4783e+00 3.9938e-01 2.7822e-01 2.7822e-01 radiative
8.8954e+32 1.5627e+10 3.6241e+01 1.0060e+07 4.9598e+16 8.7384e+33 1.7631e+00 1.4805e+00 3.9938e-01 2.7783e-01 2.7783e-01 radiative
8.9337e+32 1.5661e+10 3.6081e+01 1.0042e+07 4.9295e+16 8.7451e+33 1.7417e+00 1.4827e+00 3.9938e-01 2.7745e-01 2.7745e-01 radiative
8.9721e+32 1.5696e+10 3.5921e+01 1.0025e+07 4.8993e+16 8.7517e+33 1.7205e+00 1.4848e+00 3.9938e-01 2.7706e-01 2.7706e-01 radiative
9.0104e+32 1.5730e+10 3.5762e+01 1.0008e+07 4.8693e+16 8.7583e+33 1.6995e+00 1.4870e+00 3.9938e-01 2.7667e-01 2.7668e-01 radiative
9.0488e+32 1.5765e+10 3.5603e+01 9.9913e+06 4.8394e+16 8.7648e+33 1.6788e+00 1.4893e+00 3.9938e-01 2.7631e-01 2.7632e-01 radiative
9.0871e+32 1.5799e+10 3.5444e+01 9.9742e+06 4.8096e+16 8.7712e+33 1.6582e+00 1.4918e+00 3.9938e-01 2.7598e-01 2.7598e-01 radiative
9.1254e+32 1.5834e+10 3.5286e+01 9.9573e+06 4.7800e+16 8.7775e+33 1.6379e+00 1.4942e+00 3.9938e-01 2.7565e-01 2.7565e-01 radiative
9.1638e+32 1.5868e+10 3.5128e+01 9.9403e+06 4.7505e+16 8.7837e+33 1.6179e+00 1.4967e+00 3.9938e-01 2.7532e-01 2.7532e-01 radiative
9.2021e+32 1.5903e+10 3.4971e+01 9.9234e+06 4.7212e+16 8.7899e+33 1.5980e+00 1.4992e+00 3.9938e-01 2.7498e-01 2.7498e-01 radiative
9.2405e+32 1.5937e+10 3.4814e+01 9.9064e+06 4.6919e+16 8.7960e+33 1.5784e+00 1.5016e+00 3.9938e-01 2.7465e-01 2.7465e-01 radiative
9.2788e+32 1.5972e+10 3.4657e+01 9.8895e+06 4.6628e+16 8.8020e+33 1.5589e+00 1.5041e+00 3.9938e-01 2.7432e-01 2.7432e-01 radiative
9.3171e+32 1.6006e+10 3.4501e+01 9.8727e+06 4.6339e+16 8.8079e+33 1.5397e+00 1.5065e+00 3.9938e-01 2.7398e-01 2.7398e-01 radiative
9.3555e+32 1.6041e+10 3.4345e+01 9.8558e+06 4.6050e+16 8.8138e+33 1.5207e+00 1.5090e+00 3.9938e-01 2.7365e-01 2.7365e-01 radiative
9.3938e+32 1.6075e+10 3.4189e+01 9.8390e+06 4.5763e+16 8.8196e+33 1.5019e+00 1.5114e+00 3.9938e-01 2.7332e-01 2.7332e-01 radiative
9.4322e+32 1.6110e+10 3.4034e+01 9.8221e+06 4.5478e+16 8.8253e+33 1.4833e+00 1.5139e+00 3.9938e-01 2.7299e-01 2.7299e-01 radiative
9.4705e+32 1.6145e+10 3.3879e+01 9.8053e+06 4.5193e+16 8.8310e+33 1.4649e+00 1.5164e+00 3.9938e-01 2.7265e-01 2.7265e-01 radiative
9.5089e+32 1.6179e+10 3.3724e+01 9.7886e+06 4.4910e+16 8.8365e+33 1.4467e+00 1.5188e+00 3.9938e-01 2.7232e-01 2.7232e-01 radiative
9.5472e+32 1.6214e+10 3.3570e+01 9.7718e+06 4.4628e+16 8.8421e+33 1.4287e+00 1.5213e+00 3.9938e-01 2.7199e-01 2.7199e-01 radiative
1.2489e+33 1.8948e+10 2.2763e+01 8.5327e+06 2.6423e+16 9.1075e+33 5.0822e-01 1.7219e+00 3.9939e-01 2.4686e-01 2.4775e-01 radiative
1.4827e+33 2.1375e+10 1.5563e+01 7.5806e+06 1.6051e+16 9.1846e+33 1.9248e-01 1.9286e+00 3.9938e-01 2.2901e-01 2.2954e-01 radiative
1.6685e+33 2.3632e+10 1.0710e+01 6.8138e+06 9.9284e+15 9.2082e+33 7.5993e-02 2.1537e+00 3.9935e-01 2.1594e-01 2.1631e-01 radiative
1.8160e+33 2.5787e+10 7.4146e+00 6.1765e+06 6.2309e+15 9.2157e+33 3.0917e-02 2.4051e+00 3.9930e-01 2.0609e-01 2.0670e-01 radiative
1.9333e+33 2.7878e+10 5.1649e+00 5.6340e+06 3.9593e+15 9.2181e+33 1.2858e-02 2.6971e+00 3.9923e-01 1.9932e-01 1.9991e-01 radiative
2.0265e+33 2.9928e+10 3.6211e+00 5.1636e+06 2.5442e+15 9.2190e+33 5.4382e-03 3.0363e+00 3.9916e-01 1.9497e-01 1.9511e-01 radiative
2.1005e+33 3.1948e+10 2.5557e+00 4.7505e+06 1.6522e+15 9.2192e+33 2.3307e-03 3.4141e+00 3.9907e-01 1.9173e-01 1.9181e-01 radiative
2.1593e+33 3.3946e+10 1.8164e+00 4.3838e+06 1.0837e+15 9.2193e+33 1.0095e-03 3.8368e+00 3.9897e-01 1.8959e-01 1.8988e-01 radiative
2.2061e+33 3.5926e+10 1.3005e+00 4.0549e+06 7.1774e+14 9.2194e+33 4.4071e-04 4.3198e+00 3.9887e-01 1.8903e-01 1.8931e-01 radiative
2.2432e+33 3.7887e+10 9.3835e-01 3.7574e+06 4.7991e+14 9.2194e+33 1.9340e-04 4.8693e+00 3.9875e-01 1.9006e-01 1.9012e-01 radiative
2.2727e+33 3.9828e+10 6.8258e-01 3.4857e+06 3.2389e+14 9.2194e+33 8.5068e-05 5.4659e+00 3.9863e-01 1.9187e-01 1.9214e-01 radiative
2.2961e+33 4.1743e+10 5.0070e-01 3.2362e+06 2.2060e+14 9.2194e+33 3.7418e-05 6.1297e+00 3.9851e-01 1.9524e-01 1.9545e-01 radiative
2.3148e+33 4.3629e+10 3.7051e-01 3.0052e+06 1.5161e+14 9.2194e+33 1.6399e-05 6.8413e+00 3.9839e-01 1.9977e-01 2.0020e-01 radiative
2.3296e+33 4.5480e+10 2.7665e-01 2.7899e+06 1.0510e+14 9.2194e+33 7.1373e-06 7.6118e+00 3.9827e-01 2.0611e-01 2.0588e-01 radiative
2.3413e+33 4.7288e+10 2.0839e-01 2.5890e+06 7.3476e+13 9.2194e+33 3.0787e-06 8.3479e+00 3.9817e-01 2.1203e-01 2.1215e-01 radiative
2.3507e+33 4.9050e+10 1.5835e-01 2.4010e+06 5.1780e+13 9.2194e+33 1.3131e-06 9.0405e+00 3.9808e-01 2.1790e-01 2.1802e-01 radiative
2.3581e+33 5.0759e+10 1.2125e-01 2.2264e+06 3.6769e+13 9.2194e+33 5.5491e-07 9.6806e+00 3.9800e-01 2.2341e-01 2.2271e-01 radiative
2.3640e+33 5.2413e+10 9.3498e-02 2.0648e+06 2.6296e+13 9.2194e+33 2.3264e-07 1.0170e+01 3.9793e-01 2.2634e-01 2.2633e-01 radiative
2.3687e+33 5.4009e+10 7.2540e-02 1.9158e+06 1.8931e+13 9.2194e+33 9.6904e-08 1.0602e+01 3.9787e-01 2.2871e-01 2.2861e-01 radiative
2.3724e+33 5.5548e+10 5.6575e-02 1.7792e+06 1.3712e+13 9.2194e+33 4.0211e-08 1.0970e+01 3.9781e-01 2.3008e-01 2.2970e-01 radiative
2.3754e+33 5.7029e+10 4.4327e-02 1.6542e+06 9.9889e+12 9.2194e+33 1.6642e-08 1.1254e+01 3.9776e-01 2.2986e-01 2.2978e-01 radiative
2.3777e+33 5.8454e+10 3.4864e-02 1.5400e+06 7.3147e+12 9.2194e+33 6.8828e-09 1.1516e+01 3.9770e-01 2.2905e-01 2.2891e-01 radiative
2.3796e+33 5.9823e+10 2.7513e-02 1.4358e+06 5.3822e+12 9.2194e+33 2.8482e-09 1.1750e+01 3.9764e-01 2.2739e-01 2.2733e-01 radiative
2.3811e+33 6.1140e+10 2.1773e-02 1.3408e+06 3.9778e+12 9.2194e+33 1.1807e-09 1.1988e+01 3.9757e-01 2.2531e-01 2.2512e-01 radiative
2.3822e+33 6.2405e+10 1.7273e-02 1.2542e+06 2.9519e+12 9.2194e+33 4.9079e-10 1.2209e+01 3.9750e-01 2.2232e-01 2.2252e-01 radiative
2.3832e+33 6.3622e+10 1.3731e-02 1.1751e+06 2.1989e+12 9.2194e+33 2.0465e-10 1.2493e+01 3.9741e-01 2.1981e-01 2.1961e-01 radiative
2.3839e+33 6.4792e+10 1.0936e-02 1.1029e+06 1.6437e+12 9.2194e+33 8.5662e-11 1.2780e+01 3.9731e-01 2.1658e-01 2.1673e-01 radiative
2.3845e+33 6.5918e+10 8.7251e-03 1.0366e+06 1.2327e+12 9.2194e+33 3.5950e-11 1.3145e+01 3.9721e-01 2.1402e-01 2.1389e-01 radiative
2.3850e+33 6.7001e+10 6.9716e-03 9.7575e+05 9.2727e+11 9.2194e+33 1.5138e-11 1.3540e+01 3.9709e-01 2.1117e-01 2.1124e-01 radiative
2.3854e+33 6.8044e+10 5.5793e-03 9.1965e+05 6.9948e+11 9.2194e+33 6.3833e-12 1.4009e+01 3.9695e-01 2.0884e-01 2.0877e-01 radiative
2.3857e+33 6.9048e+10 4.4710e-03 8.6788e+05 5.2906e+11 9.2194e+33 2.6974e-12 1.4526e+01 3.9681e-01 2.0648e-01 2.0653e-01 radiative
2.3859e+33 7.0015e+10 3.5881e-03 8.1987e+05 4.0115e+11 9.2194e+33 1.1399e-12 1.5123e+01 3.9665e-01 2.0462e-01 2.0462e-01 radiative
2.3861e+33 7.0946e+10 2.8834e-03 7.7531e+05 3.0488e+11 9.2194e+33 4.8179e-13 1.5796e+01 3.9648e-01 2.0311e-01 2.0328e-01 radiative
2.3862e+33 7.1842e+10 2.3206e-03 7.3365e+05 2.3223e+11 9.2194e+33 2.0293e-13 1.6597e+01 3.9630e-01 2.0274e-01 2.0279e-01 radiative
2.3863e+33 7.2705e+10 1.8708e-03 6.9458e+05 1.7727e+11 9.2194e+33 8.5034e-14 1.7468e+01 3.9611e-01 2.0273e-01 2.0270e-01 radiative
2.3864e+33 7.3536e+10 1.5105e-03 6.5784e+05 1.3559e+11 9.2194e+33 3.5409e-14 1.8384e+01 3.9591e-01 2.0281e-01 2.0290e-01 radiative
2.3865e+33 7.4334e+10 1.2216e-03 6.2322e+05 1.0390e+11 9.2194e+33 1.4636e-14 1.9376e+01 3.9570e-01 2.0333e-01 2.0335e-01 radiative
2.3866e+33 7.5101e+10 9.8950e-04 5.9056e+05 7.9765e+10 9.2194e+33 5.9985e-15 2.0425e+01 3.9549e-01 2.0408e-01 2.0424e-01 radiative
2.3866e+33 7.5839e+10 8.0287e-04 5.5963e+05 6.1342e+10 9.2194e+33 2.4321e-15 2.1584e+01 3.9528e-01 2.0566e-01 2.0542e-01 radiative
2.3867e+33 7.6546e+10 6.5247e-04 5.3034e+05 4.7251e+10 9.2194e+33 9.7523e-16 2.2682e+01 3.9506e-01 2.0642e-01 2.0655e-01 radiative
2.3867e+33 7.7226e+10 5.3106e-04 5.0260e+05 3.6454e+10 9.2194e+33 3.8660e-16 2.3891e+01 3.9484e-01 2.0795e-01 2.0768e-01 radiative
2.3867e+33 7.7877e+10 4.3288e-04 4.7631e+05 2.8166e+10 9.2194e+33 1.5143e-16 2.5013e+01 3.9462e-01 2.0854e-01 2.0862e-01 radiative
2.3867e+33 7.8501e+10 3.5331e-04 4.5145e+05 2.1793e+10 9.2194e+33 5.8662e-17 2.6214e+01 3.9440e-01 2.0954e-01 2.0942e-01 radiative
2.3867e+33 7.9098e+10 2.8874e-04 4.2791e+05 1.6885e+10 9.2194e+33 2.2456e-17 2.7365e+01 3.9417e-01 2.0995e-01 2.0995e-01 radiative
2.3868e+33 7.9670e+10 2.3621e-04 4.0568e+05 1.3098e+10 9.2194e+33 8.5095e-18 2.8530e+01 3.9394e-01 2.1019e-01 2.1020e-01 radiative
2.3868e+33 8.0218e+10 1.9344e-04 3.8469e+05 1.0174e+10 9.2194e+33 3.1905e-18 2.9736e+01 3.9370e-01 2.1046e-01 2.1045e-01 radiative
2.3868e+33 8.0742e+10 1.5857e-04 3.6484e+05 7.9110e+09 9.2194e+33 1.1832e-18 3.0973e+01 3.9345e-01 2.1069e-01 2.1071e-01 radiative
2.3868e+33 8.1243e+10 1.3010e-04 3.4607e+05 6.1583e+09 9.2194e+33 4.3390e-19 3.2272e+01 3.9320e-01 2.1108e-01 2.1109e-01 radiative
2.3868e+33 8.1723e+10 1.0685e-04 3.2831e+05 4.7990e+09 9.2194e+33 1.5715e-19 3.3624e+01 3.9294e-01 2.1161e-01 2.1163e-01 radiative
2.3868e+33 8.2181e+10 8.7829e-05 3.1147e+05 3.7435e+09 9.2194e+33 5.6177e-20 3.5037e+01 3.9268e-01 2.1231e-01 2.1238e-01 radiative
2.3868e+33 8.2619e+10 7.2269e-05 2.9549e+05 2.9229e+09 9.2194e+33 1.9788e-20 3.6538e+01 3.9242e-01 2.1341e-01 2.1348e-01 radiative
2.3868e+33 8.3038e+10 5.9527e-05 2.8030e+05 2.2844e+09 9.2194e+33 6.8557e-21 3.8118e+01 3.9216e-01 2.1490e-01 2.1494e-01 radiative
2.3868e+33 8.3437e+10 4.9086e-05 2.6583e+05 1.7869e+09 9.2194e+33 2.3319e-21 3.9750e+01 3.9190e-01 2.1669e-01 2.1681e-01 radiative
2.3868e+33 8.3818e+10 4.0525e-05 2.5203e+05 1.3990e+09 9.2194e+33 7.7678e-22 4.1493e+01 3.9165e-01 2.1918e-01 2.1927e-01 radiative
2.3868e+33 8.4182e+10 3.3502e-05 2.3882e+05 1.0962e+09 9.2194e+33 2.5252e-22 4.3314e+01 3.9142e-01 2.2235e-01 2.2260e-01 radiative
2.3868e+33 8.4527e+10 2.7741e-05 2.2614e+05 8.5959e+08 9.2194e+33 7.9712e-23 4.5329e+01 3.9121e-01 2.2700e-01 2.2694e-01 radiative
2.3868e+33 8.4856e+10 2.3011e-05 2.1391e+05 6.7460e+08 9.2194e+33 2.4304e-23 4.7199e+01 3.9104e-01 2.3168e-01 2.3207e-01 radiative
2.3868e+33 8.5169e+10 1.9125e-05 2.0212e+05 5.2983e+08 9.2194e+33 7.1316e-24 4.9283e+01 3.9092e-01 2.3837e-01 2.3819e-01 radiative
2.3868e+33 8.5465e+10 1.5932e-05 1.9069e+05 4.1643e+08 9.2194e+33 1.9981e-24 5.0941e+01 3.9085e-01 2.4441e-01 2.4488e-01 radiative
2.3868e+33 8.5746e+10 1.3300e-05 1.7966e+05 3.2754e+08 9.2194e+33 5.3428e-25 5.2730e+01 3.9083e-01 2.5254e-01 2.5218e-01 radiative
2.3868e+33 8.6010e+10 1.1131e-05 1.6897e+05 2.5781e+08 9.2194e+33 1.3511e-25 5.3872e+01 3.9088e-01 2.5955e-01 2.6020e-01 radiative
2.3868e+33 8.6260e+10 9.3392e-06 1.5865e+05 2.0306e+08 9.2194e+33 3.2249e-26 5.5235e+01 3.9100e-01 2.6974e-01 2.6960e-01 radiative
2.3868e+33 8.6495e+10 7.8603e-06 1.4859e+05 1.6005e+08 9.2194e+33 7.1499e-27 5.6244e+01 3.9120e-01 2.8129e-01 2.8283e-01 radiative
2.3868e+33 8.6715e+10 6.6442e-06 1.3869e+05 1.2623e+08 9.2194e+33 1.4336e-27 5.8083e+01 3.9152e-01 3.0191e-01 3.0488e-01 radiative
2.3868e+33 8.6920e+10 5.6578e-06 1.2860e+05 9.9623e+07 9.2194e+33 2.4287e-28 6.1455e+01 3.9204e-01 3.4103e-01 3.4637e-01 radiative
2.3868e+33 8.7109e+10 4.8837e-06 1.1774e+05 7.8674e+07 9.2194e+33 3.0151e-29 6.8795e+01 3.9288e-01 4.2903e-01 3.8347e-01 convective
2.3868e+33 8.7282e+10 4.2369e-06 1.0733e+05 6.2166e+07 9.2194e+33 3.2012e-30 7.9245e+01 3.9375e-01 5.6564e-01 3.9373e-01 convective
2.3868e+33 8.7440e+10 3.6772e-06 9.7834e+04 4.9149e+07 9.2194e+33 3.1792e-31 9.2794e+01 3.9452e-01 7.5843e-01 3.9450e-01 convective
2.3868e+33 8.7584e+10 3.1928e-06 8.9184e+04 3.8878e+07 9.2194e+33 2.9478e-32 1.1137e+02 3.9520e-01 1.0427e+00 3.9519e-01 convective
2.3868e+33 8.7715e+10 2.7732e-06 8.1302e+04 3.0768e+07 9.2194e+33 2.5470e-33 1.3885e+02 3.9580e-01 1.4896e+00 3.9578e-01 convective
2.3868e+33 8.7835e+10 2.4095e-06 7.4120e+04 2.4361e+07 9.2194e+33 2.0468e-34 1.7870e+02 3.9632e-01 2.1974e+00 3.9631e-01 convective
2.3868e+33 8.7944e+10 2.0943e-06 6.7577e+04 1.9296e+07 9.2194e+33 1.5268e-35 2.3577e+02 3.9678e-01 3.3235e+00 3.9677e-01 convective
2.3868e+33 8.8043e+10 1.8208e-06 6.1616e+04 1.5292e+07 9.2194e+33 1.0553e-36 3.1436e+02 3.9719e-01 5.0809e+00 3.9718e-01 convective
2.3868e+33 8.8134e+10 1.5836e-06 5.6186e+04 1.2123e+07 9.2194e+33 6.7450e-38 4.1337e+02 3.9754e-01 7.6609e+00 3.9754e-01 convective
2.3868e+33 8.8217e+10 1.3777e-06 5.1240e+04 9.6161e+06 9.2194e+33 3.9798e-39 4.9533e+02 3.9785e-01 1.0527e+01 3.9785e-01 convective
2.3868e+33 8.8292e+10 1.1989e-06 4.6735e+04 7.6309e+06 9.2194e+33 2.1642e-40 5.5273e+02 3.9813e-01 1.3470e+01 3.9812e-01 convective
2.3868e+33 8.8361e+10 1.0437e-06 4.2632e+04 6.0588e+06 9.2194e+33 1.0830e-41 5.9078e+02 3.9836e-01 1.6508e+01 3.9836e-01 convective
2.3868e+33 8.8424e+10 9.0897e-07 3.8897e+04 4.8133e+06 9.2194e+33 4.9807e-43 6.1409e+02 3.9857e-01 1.9672e+01 3.9857e-01 convective
2.3868e+33 8.8481e+10 7.9194e-07 3.5497e+04 3.8265e+06 9.2194e+33 2.1034e-44 6.2835e+02 3.9875e-01 2.3071e+01 3.9875e-01 convective
2.3868e+33 8.8532e+10 6.9031e-07 3.2403e+04 3.0443e+06 9.2194e+33 8.1530e-46 6.4042e+02 3.9891e-01 2.6944e+01 3.9891e-01 convective
2.3868e+33 8.8580e+10 6.0206e-07 2.9588e+04 2.4242e+06 9.2194e+33 2.9009e-47 6.5119e+02 3.9905e-01 3.1380e+01 3.9905e-01 convective
2.3868e+33 8.8623e+10 5.2545e-07 2.7028e+04 1.9325e+06 9.2194e+33 9.4841e-49 6.6420e+02 3.9917e-01 3.6641e+01 3.9917e-01 convective
2.3868e+33 8.8662e+10 4.5894e-07 2.4703e+04 1.5425e+06 9.2194e+33 2.8545e-50 6.8314e+02 3.9927e-01 4.3112e+01 3.9927e-01 convective
2.3868e+33 8.8697e+10 4.0124e-07 2.2591e+04 1.2332e+06 9.2194e+33 7.9353e-52 7.1559e+02 3.9936e-01 5.1618e+01 3.9936e-01 convective
2.3868e+33 8.8730e+10 3.5120e-07 2.0675e+04 9.8779e+05 9.2194e+33 2.0474e-53 7.6838e+02 3.9944e-01 6.3286e+01 3.9944e-01 convective
2.3868e+33 8.8759e+10 3.0784e-07 1.8939e+04 7.9308e+05 9.2194e+33 4.9367e-55 8.3223e+02 3.9951e-01 7.8160e+01 3.9951e-01 convective
2.3868e+33 8.8785e+10 2.7030e-07 1.7368e+04 6.3857e+05 9.2194e+33 1.1229e-56 8.8456e+02 3.9957e-01 9.4571e+01 3.9957e-01 convective
2.3868e+33 8.8809e+10 2.3782e-07 1.5950e+04 5.1594e+05 9.2194e+33 2.4390e-58 8.8470e+02 3.9962e-01 1.0746e+02 3.9962e-01 convective
2.3868e+33 8.8831e+10 2.0978e-07 1.4671e+04 4.1861e+05 9.2194e+33 5.1389e-60 7.5754e+02 3.9967e-01 1.0428e+02 3.9966e-01 convective
2.3868e+33 8.8850e+10 1.8560e-07 1.3522e+04 3.4134e+05 9.2194e+33 1.0710e-61 5.7254e+02 3.9970e-01 8.9055e+01 3.9970e-01 convective
2.3868e+33 8.8868e+10 1.6480e-07 1.2493e+04 2.8000e+05 9.2194e+33 2.2602e-63 3.8839e+02 3.9974e-01 6.8021e+01 3.9974e-01 convective
2.3868e+33 8.8883e+10 1.4694e-07 1.1574e+04 2.3130e+05 9.2194e+33 4.9658e-65 2.2470e+02 3.9977e-01 4.4125e+01 3.9977e-01 convective
2.3868e+33 8.8897e+10 1.3166e-07 1.0758e+04 1.9263e+05 9.2194e+33 1.1721e-66 1.2045e+02 3.9979e-01 2.6393e+01 3.9979e-01 convective
2.3868e+33 8.8909e+10 1.1863e-07 1.0036e+04 1.6192e+05 9.2194e+33 3.0762e-68 6.2540e+01 3.9981e-01 1.5207e+01 3.9981e-01 convective
2.3868e+33 8.8920e+10 1.0756e-07 9.4020e+03 1.3753e+05 9.2194e+33 9.3054e-70 3.0578e+01 3.9983e-01 8.1991e+00 3.9983e-01 convective
2.3868e+33 8.8929e+10 9.8200e-08 8.8484e+03 1.1817e+05 9.2194e+33 3.3618e-71 1.5616e+01 3.9984e-01 4.5861e+00 3.9984e-01 convective
2.3868e+33 8.8937e+10 9.0317e-08 8.3685e+03 1.0278e+05 9.2194e+33 1.4991e-72 8.1367e+00 3.9986e-01 2.5979e+00 3.9986e-01 convective
2.3868e+33 8.8944e+10 8.3712e-08 7.9556e+03 9.0566e+04 9.2194e+33 8.4829e-74 4.5282e+00 3.9987e-01 1.5597e+00 3.9987e-01 convective
2.3868e+33 8.8950e+10 7.8208e-08 7.6031e+03 8.0861e+04 9.2194e+33 6.2181e-75 2.6697e+00 3.9988e-01 9.8419e-01 3.9987e-01 convective
2.3868e+33 8.8955e+10 7.3644e-08 7.3045e+03 7.3152e+04 9.2194e+33 5.9743e-76 1.6801e+00 3.9988e-01 6.5774e-01 3.9988e-01 convective
2.3868e+33 8.8959e+10 6.9880e-08 7.0535e+03 6.7028e+04 9.2194e+33 7.5426e-77 1.1233e+00 3.9989e-01 4.6341e-01 3.9169e-01 convective
2.3868e+33 8.8963e+10 6.6714e-08 6.8520e+03 6.2163e+04 9.2194e+33 1.3283e-77 7.9962e-01 3.9989e-01 3.4354e-01 3.4292e-01 radiative
2.3868e+33 8.8966e+10 6.3813e-08 6.7181e+03 5.8298e+04 9.2194e+33 3.9796e-78 6.3127e-01 3.9989e-01 2.7524e-01 2.7793e-01 radiative
2.3868e+33 8.8968e+10 6.1285e-08 6.6267e+03 5.5227e+04 9.2194e+33 1.6991e-78 5.3354e-01 3.9989e-01 2.3279e-01 2.3407e-01 radiative
2.3868e+33 8.8970e+10 5.9158e-08 6.5617e+03 5.2788e+04 9.2194e+33 9.1273e-79 4.7138e-01 3.9989e-01 2.0448e-01 2.0515e-01 radiative
2.3868e+33 8.8972e+10 5.7402e-08 6.5142e+03 5.0850e+04 9.2194e+33 5.7396e-79 4.2939e-01 3.9989e-01 1.8473e-01 1.8509e-01 radiative
2.3868e+33 8.8973e+10 5.5969e-08 6.4787e+03 4.9310e+04 9.2194e+33 4.0379e-79 3.9985e-01 3.9989e-01 1.7049e-01 1.7070e-01 radiative
2.3868e+33 8.8974e+10 5.4807e-08 6.4519e+03 4.8086e+04 9.2194e+33 3.0836e-79 3.7843e-01 3.9989e-01 1.5999e-01 1.6011e-01 radiative
2.3868e+33 8.8975e+10 5.3870e-08 6.4314e+03 4.7114e+04 9.2194e+33 2.5035e-79 3.6257e-01 3.9989e-01 1.5211e-01 1.5218e-01 radiative
2.3868e+33 8.8976e+10 5.3118e-08 6.4156e+03 4.6342e+04 9.2194e+33 2.1288e-79 3.5064e-01 3.9989e-01 1.4613e-01 1.4617e-01 radiative
2.3868e+33 8.8977e+10 5.2515e-08 6.4033e+03 4.5728e+04 9.2194e+33 1.8755e-79 3.4155e-01 3.9989e-01 1.4153e-01 1.4156e-01 radiative
2.3868e+33 8.8977e+10 5.2033e-08 6.3937e+03 4.5241e+04 9.2194e+33 1.6981e-79 3.3456e-01 3.9989e-01 1.3798e-01 1.3800e-01 radiative
2.3868e+33 8.8977e+10 5.1648e-08 6.3862e+03 4.4854e+04 9.2194e+33 1.5704e-79 3.2915e-01 3.9989e-01 1.3522e-01 1.3523e-01 radiative
2.3868e+33 8.8978e+10 5.1341e-08 6.3803e+03 4.4546e+04 9.2194e+33 1.4766e-79 3.2493e-01 3.9989e-01 1.3307e-01 1.3307e-01 radiative
2.3868e+33 8.8978e+10 5.1096e-08 6.3757e+03 4.4301e+04 9.2194e+33 1.4065e-79 3.2164e-01 3.9989e-01 1.3138e-01 1.3138e-01 radiative
2.3868e+33 8.8978e+10 5.0902e-08 6.3720e+03 4.4107e+04 9.2194e+33 1.3534e-79 3.1905e-01 3.9989e-01 1.3005e-01 1.3005e-01 radiative
2.3868e+33 8.8978e+10 5.0746e-08 6.3691e+03 4.3953e+04 9.2194e+33 1.3129e-79 3.1702e-01 3.9989e-01 1.2900e-01 1.2900e-01 radiative
2.3868e+33 8.8978e+10 5.0623e-08 6.3668e+03 4.3830e+04 9.2194e+33 1.2816e-79 3.1541e-01 3.9989e-01 1.2817e-01 1.2817e-01 radiative
2.3868e+33 8.8979e+10 5.0525e-08 6.3650e+03 4.3732e+04 9.2194e+33 1.2573e-79 3.1415e-01 3.9989e-01 1.2752e-01 1.2752e-01 radiative
2.3868e+33 8.8979e+10 5.0447e-08 6.3636e+03 4.3655e+04 9.2194e+33 1.2384e-79 3.1315e-01 3.9989e-01 1.2700e-01 1.2700e-01 radiative
2.3868e+33 8.8979e+10 5.0385e-08 6.3624e+03 4.3593e+04 9.2194e+33 1.2236e-79 3.1235e-01 3.9989e-01 1.2659e-01 1.2659e-01 radiative
2.3868e+33 8.8979e+10 5.0335e-08 6.3615e+03 4.3545e+04 9.2194e+33 1.2120e-79 3.1173e-01 3.9989e-01 1.2627e-01 1.2627e-01 radiative
2.3868e+33 8.8979e+10 5.0296e-08 6.3608e+03 4.3506e+04 9.2194e+33 1.2029e-79 3.1123e-01 3.9989e-01 1.2601e-01 1.2601e-01 radiative
2.3868e+33 8.8979e+10 5.0265e-08 6.3602e+03 4.3475e+04 9.2194e+33 1.1957e-79 3.1083e-01 3.9989e-01 1.2581e-01 1.2581e-01 radiative
2.3868e+33 8.8979e+10 5.0240e-08 6.3598e+03 4.3450e+04 9.2194e+33 1.1900e-79 3.1052e-01 3.9989e-01 1.2565e-01 1.2565e-01 radiative
2.3868e+33 8.8979e+10 5.0220e-08 6.3594e+03 4.3431e+04 9.2194e+33 1.1855e-79 3.1027e-01 3.9989e-01 1.2552e-01 1.2552e-01 radiative
2.3868e+33 8.8979e+10 5.0205e-08 6.3591e+03 4.3415e+04 9.2194e+33 1.1819e-79 3.1007e-01 3.9989e-01 1.2542e-01 1.2542e-01 radiative
2.3868e+33 8.8979e+10 5.0192e-08 6.3589e+03 4.3403e+04 9.2194e+33 1.1791e-79 3.0992e-01 3.9989e-01 1.2533e-01 1.2534e-01 radiative
2.3868e+33 8.8979e+10 5.0182e-08 6.3587e+03 4.3393e+04 9.2194e+33 1.1768e-79 3.0979e-01 3.9989e-01 1.2527e-01 1.2527e-01 radiative
2.3868e+33 8.8979e+10 5.0175e-08 6.3586e+03 4.3386e+04 9.2194e+33 1.1751e-79 3.0970e-01 3.9989e-01 1.2522e-01 1.2522e-01 radiative
2.3868e+33 8.8979e+10 5.0168e-08 6.3585e+03 4.3379e+04 9.2194e+33 1.1737e-79 3.0962e-01 3.9989e-01 1.2518e-01 1.2518e-01 radiative
2.3868e+33 8.8979e+10 5.0163e-08 6.3584e+03 4.3374e+04 9.2194e+33 1.1726e-79 3.0956e-01 3.9989e-01 1.2515e-01 1.2515e-01 radiative
2.3868e+33 8.8979e+10 5.0159e-08 6.3583e+03 4.3371e+04 9.2194e+33 1.1717e-79 3.0951e-01 3.9989e-01 1.2512e-01 1.2512e-01 radiative
2.3868e+33 8.8979e+10 5.0156e-08 6.3583e+03 4.3367e+04 9.2194e+33 1.1710e-79 3.0947e-01 3.9989e-01 1.2510e-01 1.2510e-01 radiative
2.3868e+33 8.8979e+10 5.0154e-08 6.3582e+03 4.3365e+04 9.2194e+33 1.1704e-79 3.0944e-01 3.9989e-01 1.2508e-01 1.2508e-01 radiative
2.3868e+33 8.8979e+10 5.0152e-08 6.3582e+03 4.3363e+04 9.2194e+33 1.1700e-79 3.0941e-01 3.9989e-01 1.2507e-01 1.2508e-01 radiative
2.3868e+33 8.8979e+10 5.0150e-08 6.3582e+03 4.3362e+04 9.2194e+33 1.1696e-79 3.0939e-01 3.9989e-01 1.2506e-01 1.2507e-01 radiative
2.3868e+33 8.8979e+10 5.0149e-08 6.3581e+03 4.3360e+04 9.2194e+33 1.1693e-79 3.0937e-01 3.9989e-01 1.2505e-01 1.2506e-01 radiative
2.3868e+33 8.8979e+10 5.0148e-08 6.3581e+03 4.3359e+04 9.2194e+33 1.1691e-79 3.0936e-01 3.9989e-01 1.2505e-01 1.2505e-01 radiative
2.3868e+33 8.8979e+10 5.0147e-08 6.3581e+03 4.3359e+04 9.2194e+33 1.1689e-79 3.0935e-01 3.9989e-01 1.2504e-01 1.2505e-01 radiative
2.3868e+33 8.8979e+10 5.0147e-08 6.3581e+03 4.3358e+04 9.2194e+33 1.1688e-79 3.0934e-01 3.9989e-01 1.2504e-01 1.2505e-01 radiative
2.3868e+33 8.8979e+10 5.0146e-08 6.3581e+03 4.3357e+04 9.2194e+33 1.1687e-79 3.0934e-01 3.9989e-01 1.2503e-01 1.2504e-01 radiative
2.3868e+33 8.8979e+10 5.0146e-08 6.3581e+03 4.3357e+04 9.2194e+33 1.1686e-79 3.0933e-01 3.9989e-01 1.2503e-01 1.2504e-01 radiative
2.3868e+33 8.8979e+10 5.0145e-08 6.3581e+03 4.3357e+04 9.2194e+33 1.1685e-79 3.0933e-01 3.9989e-01 1.2503e-01 1.2504e-01 radiative
2.3868e+33 8.8979e+10 5.0145e-08 6.3581e+03 4.3356e+04 9.2194e+33 1.1685e-79 3.0933e-01 3.9989e-01 1.2503e-01 1.2504e-01 radiative
2.3868e+33 8.8979e+10 5.0145e-08 6.3581e+03 4.3356e+04 9.2194e+33 1.1684e-79 3.0932e-01 3.9989e-01 1.2503e-01 1.2504e-01 radiative
2.3868e+33 8.8979e+10 5.0145e-08 6.3581e+03 4.3356e+04 9.2194e+33 1.1684e-79 3.0932e-01 3.9989e-01 1.2503e-01 1.2504e-01 radiative
2.3868e+33 8.8979e+10 5.0145e-08 6.3581e+03 4.3356e+04 9.2194e+33 1.1684e-79 3.0932e-01 3.9989e-01 1.2502e-01 1.2504e-01 radiative
2.3868e+33 8.8979e+10 5.0145e-08 6.3581e+03 4.3356e+04 9.2194e+33 1.1683e-79 3.0932e-01 3.9989e-01 1.2502e-01 1.2504e-01 radiative
2.3868e+33 8.8979e+10 5.0144e-08 6.3581e+03 4.3356e+04 9.2194e+33 1.1683e-79 3.0932e-01 3.9989e-01 1.2502e-01 1.2504e-01 radiative
2.3868e+33 8.8979e+10 5.0144e-08 6.3581e+03 4.3356e+04 9.2194e+33 1.1683e-79 3.0932e-01 3.9989e-01 1.2502e-01 1.2504e-01 radiative
2.3868e+33 8.8979e+10 5.0144e-08 6.3581e+03 4.3356e+04 9.2194e+33 1.1683e-79 3.0932e-01 3.9989e-01 1.2502e-01 1.2504e-01 radiative
2.3868e+33 8.8979e+10 5.0144e-08 6.3580e+03 4.3356e+04 9.2194e+33 1.1683e-79 3.0932e-01 3.9989e-01 1.2502e-01 1.2504e-01 radiative
2.3868e+33 8.8979e+10 5.0144e-08 6.3580e+03 4.3356e+04 9.2194e+33 1.1683e-79 3.0932e-01 3.9989e-01 1.2502e-01 1.2504e-01 radiative
2.3868e+33 8.8979e+10 5.0144e-08 6.3580e+03 4.3356e+04 9.2194e+33 1.1682e-79 3.0931e-01 3.9989e-01 1.2502e-01 1.2504e-01 radiative
